EDGE_SE2 0 1 0.9999999895377322 -0.00014465315299719256 -1.0234095552400373 0.00014465315299735912 0.9999999895377313 -0.039640241811081424
EDGE_SE2 0 2 0.9999999849739089 -0.0001733556514278977 -3.4221699530619594 0.00017335565142792545 0.9999999849739085 -0.0665898853474471
EDGE_SE2 0 3 0.9999990309100427 -0.0013921849643082056 -9.594557970939272 0.0013921849643083167 0.999999030910042 0.2637289488364205
EDGE_SE2 1 2 0.9999999959685235 -8.979395233341138e-05 -2.426042706904586 8.979395233328648e-05 0.999999995968524 -0.025152771087312186
EDGE_SE2 1 3 0.9999989755256843 -0.0014314145388326781 -8.600753251201374 0.0014314145388327059 0.9999989755256838 0.28042555348724724
EDGE_SE2 1 4 0.999995644111432 -0.0029515687629114717 -16.123296514008242 0.0029515687629114856 0.999995644111432 0.5585251788023636
EDGE_SE2 2 3 0.9999991505766834 -0.0013033978330933278 -6.196602871443705 0.0013033978330933556 0.9999991505766833 0.3076807822269276
EDGE_SE2 2 4 0.9999956243094641 -0.0029582700899089933 -13.669768850372995 0.0029582700899091043 0.9999956243094635 0.6043691897861322
EDGE_SE2 2 5 0.9999948792971813 -0.0032002155263596396 -18.141637823564515 0.003200215526359709 0.9999948792971809 1.0620783455815368
EDGE_SE2 3 4 0.9999987352287335 -0.0015904530590410686 -7.501314362044517 0.0015904530590410964 0.9999987352287334 0.28102249481212366
EDGE_SE2 3 5 0.9999976767147947 -0.0021555892494675545 -12.065863795728083 0.002155589249467735 0.999997676714794 0.7060596617161078
EDGE_SE2 3 6 0.9999985026631282 -0.0017305119188471268 -13.724388120288511 0.0017305119188471404 0.9999985026631282 1.2640921185690484
EDGE_SE2 4 5 0.9999999327309634 -0.000366794313191046 -4.579019710817181 0.0003667943131911015 0.9999999327309633 0.43318784836472035
EDGE_SE2 4 6 0.9999999958237532 -9.139197739575785e-05 -6.244354679686614 9.139197739566071e-05 0.999999995823754 0.9634958814978715
EDGE_SE2 4 7 0.9999992557715187 0.0012200231183766438 -7.471416740616039 -0.0012200231183767407 0.999999255771519 1.2927243889481357
EDGE_SE2 5 6 0.9999999228139855 0.0003929020535728556 -1.6445144484134493 -0.00039290205357298046 0.9999999228139862 0.5265124549439457
EDGE_SE2 5 7 0.9999987474515395 0.0015827493017489805 -2.9104478142558294 -0.0015827493017488972 0.9999987474515389 0.8409545119718329
EDGE_SE2 5 8 0.999995859035185 0.0028778312116097965 -4.299802448250479 -0.0028778312116098104 0.999995859035185 1.009547609196878
EDGE_SE2 6 7 0.9999992646469087 0.0012127265315536012 -1.2502755819087623 -0.001212726531553407 0.9999992646469079 0.3221523504523414
EDGE_SE2 6 8 0.9999967971137484 0.0025309607357095797 -2.649436295192206 -0.0025309607357097462 0.9999967971137491 0.4769546674717702
EDGE_SE2 6 9 0.999997722811721 0.0021340973204145458 -5.701424214629883 -0.0021340973204146702 0.9999977228117214 0.2580897960438394
EDGE_SE2 7 8 0.9999990396463369 0.0013858955240090274 -1.3846242922464316 -0.0013858955240089164 0.9999990396463364 0.16755259173654652
EDGE_SE2 7 9 0.9999995996617709 0.000894805172958299 -4.434414148314107 -0.0008948051729583129 0.9999995996617712 -0.06673031569530416
EDGE_SE2 7 10 0.9999992759419247 0.001203376759931346 -11.431160108982077 -0.00120337675993136 0.9999992759419247 0.1337231193940953
EDGE_SE2 8 9 0.9999998445276875 -0.0005576240675689013 -3.07617264981818 0.0005576240675689568 0.9999998445276872 -0.24422335905374098
EDGE_SE2 8 10 0.9999999977179179 -6.755860118565222e-05 -10.076521223403061 6.755860118556896e-05 0.9999999977179184 -0.06122929037378035
EDGE_SE2 8 11 0.9999997540225001 0.0007013949951209244 -17.790903898104393 -0.0007013949951210078 0.9999997540225006 0.2522513987276718
EDGE_SE2 9 10 0.999999985016412 0.0001731103008638658 -7.056643868111133 -0.0001731103008639352 0.9999999850164121 0.18186796613198186
EDGE_SE2 9 11 0.9999993355195673 0.0011528054578336796 -14.776474081510285 -0.00115280545783361 0.9999993355195668 0.4903138750067938
EDGE_SE2 9 12 0.9999998905492158 0.0004678691661044733 -22.87570986825207 -0.0004678691661045288 0.999999890549216 0.6267269075318733
EDGE_SE2 10 11 0.9999995946964817 0.0009003370878476601 -7.7632866733775225 -0.0009003370878475766 0.9999995946964815 0.2801424879760736
EDGE_SE2 10 12 0.9999999776956549 0.00021120769360438726 -15.892586654219302 -0.00021120769360444277 0.9999999776956552 0.44245638017144945
EDGE_SE2 10 13 0.9999979208386021 -0.00203919554540302 -24.769596952830735 0.002039195545403159 0.9999979208386017 0.8896464184213688
EDGE_SE2 11 12 0.9999997792652197 -0.0006644317203707969 -8.134782736045512 0.0006644317203708941 0.9999997792652192 0.14778298291883804
EDGE_SE2 11 13 0.9999956779236876 -0.002940090805358811 -17.075990574983145 0.0029400908053589083 0.9999956779236874 0.5966628201144284
EDGE_SE2 11 14 0.9999724414061154 0.007424043931227184 -22.740868103353684 -0.007424043931227212 0.9999724414061156 0.9877563665699677
EDGE_SE2 12 13 0.9999971910207897 -0.002370221620590002 -9.058676124326277 0.002370221620590002 0.9999971910207894 0.4575902587315864
EDGE_SE2 12 14 0.9999692808634162 -0.007838196827231376 -16.763975174441214 0.00783819682723132 0.9999692808634165 0.25121690277553543
EDGE_SE2 12 15 0.9999739310335536 -0.007220613083417593 -24.998221154873825 0.007220613083417788 0.999973931033553 0.6486424970707991
EDGE_SE2 13 14 0.999997862528123 -0.0020675926062240237 -7.831884094660191 0.002067592606223968 0.9999978625281234 0.1607369036637395
EDGE_SE2 13 15 0.9999997181127592 0.0007508491205448631 -15.02818566247998 -0.0007508491205447519 0.9999997181127587 0.49172836612400583
EDGE_SE2 13 16 0.9999901634801015 0.004435419150293461 -26.83188463609881 -0.004435419150293323 0.9999901634801011 1.362900350309841
EDGE_SE2 14 15 0.9999974240875255 -0.0022697617305377643 -8.574081774336051 0.0022697617305377504 0.9999974240875258 0.13982769060532577
EDGE_SE2 14 16 0.9999930208730082 -0.00373606815720602 -20.731659859032963 0.003736068157206075 0.9999930208730079 0.46480961404089044
EDGE_SE2 14 17 0.9998080735218788 0.01959122559895649 -29.860959833745373 -0.01959122559895646 0.9998080735218784 1.109685998915561
EDGE_SE2 15 16 0.999999461502226 -0.0010377838204299883 -12.33204772516943 0.0010377838204299744 0.9999994615022261 0.3554107390488931
EDGE_SE2 15 17 0.9999998116749095 -0.0006137182946211595 -26.213510475525627 0.0006137182946212427 0.999999811674909 0.5137680907650304
EDGE_SE2 15 18 0.999998838198439 -0.0015243365018829085 -43.28498378883065 0.0015243365018831586 0.9999988381984384 0.7395761992670083
EDGE_SE2 16 17 0.9999998112560515 0.0006144004079796788 -14.024894032774775 -0.0006144004079796093 0.9999998112560512 0.16122058635571668
EDGE_SE2 16 18 0.9999999320104536 -0.00036875342556169676 -31.17220573820228 0.00036875342556164125 0.9999999320104538 0.391225682653175
EDGE_SE2 16 19 0.9992493060052942 0.038740475577078375 -43.49546242592614 -0.03874047557707842 0.9992493060052944 -0.6134464345747335
EDGE_SE2 17 18 0.9999997023568986 -0.0007715478689072911 -17.430711715109293 0.0007715478689072356 0.9999997023568992 0.21966929053373632
EDGE_SE2 17 19 0.9999717179646471 0.007520855724721954 -34.696141880773396 -0.007520855724721925 0.999971717964647 0.8179468949457404
EDGE_SE2 17 20 0.9998752045315232 -0.01579795439433406 -59.02906278974472 0.01579795439433395 0.9998752045315237 0.09689974734870925
EDGE_SE2 18 19 0.99999690349781 -0.002488572842309896 -20.04375513562843 0.002488572842309951 0.9999969034978098 0.4001439554479646
EDGE_SE2 18 20 0.999998399916951 0.0017889000915520682 -37.90759961885302 -0.0017889000915521096 0.9999983999169514 0.45247875564687684
EDGE_SE2 18 21 0.9999995169370028 -0.000982916965968043 -55.061036487882475 0.0009829169659679596 0.9999995169370028 0.9636059912475778
EDGE_SE2 19 20 0.9999996327814974 -0.0008569929230319847 -19.204185433299966 0.0008569929230320262 0.9999996327814972 0.12216078695623105
EDGE_SE2 19 21 0.9999999470268603 -0.0003254938952345907 -35.25960676834187 0.0003254938952345908 0.9999999470268605 0.5749270505588566
EDGE_SE2 19 22 0.9999985756476389 0.0016878100285969402 -48.84280941971703 -0.0016878100285968288 0.9999985756476384 0.6369267091722974
EDGE_SE2 20 21 0.9999997742480206 -0.0006719404050695707 -17.278611828478375 0.0006719404050696539 0.9999997742480201 0.26692900896905775
EDGE_SE2 20 22 0.9999983945029277 -0.0017919239847137003 -31.793591936639167 0.0017919239847137003 0.9999983945029277 0.36657456166547925
EDGE_SE2 20 23 0.9999955210442498 -0.0029929736783587276 -45.30145962394116 0.0029929736783587133 0.99999552104425 0.4167152822340239
EDGE_SE2 21 22 0.999999779002166 -0.0006648275110802682 -14.765882594404454 0.000664827511080282 0.9999997790021657 0.10014924417798925
EDGE_SE2 21 23 0.9999984128214127 -0.0017816718710936975 -29.014058979789308 0.0017816718710936422 0.999998412821413 0.35076716807712793
EDGE_SE2 21 24 0.9999788783932801 0.00649944361596647 -41.17203565566345 -0.006499443615966456 0.99997887839328 0.9152621385820816
EDGE_SE2 22 23 0.9999993141194735 -0.001171221833299297 -14.442751761797377 0.001171221833299332 0.9999993141194728 0.23217568323673557
EDGE_SE2 22 24 0.9999985577064218 -0.0016984066288327933 -32.02566254646718 0.0016984066288326404 0.9999985577064224 0.6018634518303351
EDGE_SE2 22 25 0.9999920923564117 0.00397683600935996 -46.611281192733635 -0.003976836009359946 0.9999920923564116 0.8949759209238458
EDGE_SE2 23 24 0.9999998440478202 -0.0005584839618503482 -17.89899250300338 0.0005584839618503377 0.9999998440478203 0.3741307750316195
EDGE_SE2 23 25 0.9999996370993852 -0.0008519396093529946 -35.934820327014776 0.0008519396093529946 0.9999996370993851 0.8551455986001033
EDGE_SE2 23 26 0.9999997477290793 -0.0007103110429409336 -50.65652267667588 0.000710311042940906 0.9999997477290793 1.0759636372749994
EDGE_SE2 24 25 0.9999998065617015 -0.0006219940191668289 -18.319035949514166 0.0006219940191668149 0.9999998065617016 0.43902398479966126
EDGE_SE2 24 26 0.9999996308408117 -0.0008592544674300559 -33.288648004284646 0.0008592544674300976 0.9999996308408113 0.7130536946368476
EDGE_SE2 24 27 0.9998859789142285 0.015100634779209858 -43.03490833500988 -0.015100634779209875 0.9998859789142289 1.1539008072827481
EDGE_SE2 25 26 0.9999999784214592 0.0002077428255049669 -15.049509553696861 -0.00020774282550499467 0.9999999784214593 0.30293769035429463
EDGE_SE2 25 27 0.9999999999318313 1.1676390407999735e-05 -27.28171690775604 -1.1676390408027492e-05 0.9999999999318314 0.7127260148157591
EDGE_SE2 25 28 0.9999988302108979 -0.001529567532279647 -36.485685354214425 0.001529567532279619 0.9999988302108982 1.1284024077022354
EDGE_SE2 26 27 0.9999998759206463 0.0004981552894621491 -12.19464754867516 -0.0004981552894621908 0.9999998759206467 0.45955528788659306
EDGE_SE2 26 28 0.999998894672108 -0.0014868270116440443 -21.511201719771748 0.0014868270116439883 0.9999988946721085 0.8593775964413404
EDGE_SE2 26 29 0.9999989071729113 -0.0014783954083147934 -27.93701282996395 0.0014783954083146685 0.999998907172912 1.2065154193100793
EDGE_SE2 27 28 0.9999988408359911 -0.0015226052257265026 -9.272334007875692 0.0015226052257264887 0.9999988408359913 0.44787071804315864
EDGE_SE2 27 29 0.9999980321978834 -0.0019838347613737014 -15.802650754936696 0.00198383476137384 0.9999980321978825 0.7746472441269333
EDGE_SE2 27 30 0.9999990230494441 -0.0013978197869246715 -20.455646988351585 0.0013978197869247409 0.9999990230494439 1.2064254482854766
EDGE_SE2 28 29 0.9999999947825955 -0.0001021509134743054 -6.5168314461742165 0.00010215091347427765 0.9999999947825955 0.34485657469499037
EDGE_SE2 28 30 0.9999999915722437 0.0001298287793991269 -11.217486812555817 -0.00012982877939898813 0.999999991572243 0.7627482246892707
EDGE_SE2 28 31 0.9999982729528609 0.0018585185754471242 -13.963274221128888 -0.0018585185754471378 0.9999982729528611 0.8884267142789023
EDGE_SE2 29 30 0.9999994368849797 0.0010612397110419613 -4.588007672062556 -0.0010612397110420378 0.9999994368849803 0.44300949095106346
EDGE_SE2 29 31 0.9999969385848947 0.002474433437824136 -7.398491805445528 -0.002474433437824136 0.9999969385848948 0.560008568251902
EDGE_SE2 29 32 0.9999929786417049 0.0037473547056792156 -8.859090070782473 -0.0037473547056792026 0.9999929786417049 0.8367742583345164
EDGE_SE2 30 31 0.9999984962436622 0.0017342175223523958 -2.731578368553062 -0.0017342175223524583 0.999998496243663 0.13114864360294104
EDGE_SE2 30 32 0.9999952002690798 0.003098296112726727 -4.190582024365178 -0.003098296112726651 0.9999952002690793 0.4011427263790907
EDGE_SE2 30 33 0.9999943302575709 0.0033674103866569993 -5.527040943695908 -0.003367410386657013 0.999994330257571 0.6161404092770973
EDGE_SE2 31 32 0.9999992217830544 0.0012475709539352814 -1.4739324224003365 -0.0012475709539352953 0.9999992217830548 0.25860221787577975
EDGE_SE2 31 33 0.9999987720349461 0.0015671402614375034 -2.7901668519302105 -0.0015671402614373783 0.9999987720349457 0.4896866167870228
EDGE_SE2 31 34 0.999998986424011 0.0014237805136837348 -4.102102255153926 -0.0014237805136838183 0.9999989864240112 0.9638421455500734
EDGE_SE2 32 33 0.9999999334258853 0.00036489481313478243 -1.306534270807785 -0.00036489481313475467 0.9999999334258847 0.2359134752552364
EDGE_SE2 32 34 0.9999999615754243 0.0002772167903229422 -2.6225615047599367 -0.0002772167903227895 0.9999999615754233 0.7110582319820759
EDGE_SE2 32 35 0.9999995816102504 0.0009147564290973723 -3.5889998938683774 -0.0009147564290974278 0.9999995816102508 1.1645498277385167
EDGE_SE2 33 34 0.9999999738027927 0.0002288982611358194 -1.248006457777626 -0.0002288982611357847 0.9999999738027923 0.4836643852489681
EDGE_SE2 33 35 0.9999998291560838 0.0005845406768992945 -2.2708896483079277 -0.0005845406768992528 0.9999998291560833 0.9346832863137607
EDGE_SE2 33 36 0.9999999116685175 0.00042031292807365194 -3.0693119738973564 -0.0004203129280737074 0.9999999116685176 1.4272757579173803
EDGE_SE2 34 35 0.9999998528183541 0.0005425525503691337 -0.9691339596867417 -0.0005425525503691129 0.9999998528183539 0.4532413249710271
EDGE_SE2 34 36 0.9999999634119178 0.0002705109295711855 -1.7801714063733882 -0.0002705109295711855 0.9999999634119179 0.9356868777309598
EDGE_SE2 34 37 0.9999998971371686 -0.00045356989756499517 -2.61092129671235 0.000453569897565023 0.9999998971371683 1.2422772732228808
EDGE_SE2 35 36 0.9999999686917332 -0.0002502329571060937 -0.7697598969796507 0.0002502329571060945 0.9999999686917332 0.45607419683176864
EDGE_SE2 35 37 0.9999992134286394 -0.0012542496173181506 -1.6530372001813485 0.001254249617318147 0.9999992134286394 0.744219216516255
EDGE_SE2 35 38 0.9999979500852751 -0.0020248025206831425 -2.3213173692392584 0.0020248025206831425 0.9999979500852754 1.0934678884038114
EDGE_SE2 36 37 0.9999999114501013 -0.0004208322592444315 -0.7922589768543294 0.0004208322592444558 0.9999999114501018 0.3369865120682469
EDGE_SE2 36 38 0.999998362525901 -0.0018096810537773648 -1.5290314721273843 0.001809681053777365 0.9999983625259011 0.5993761412914248
EDGE_SE2 36 39 0.999997028040545 -0.002438013551634465 -2.2047588059169123 0.002438013551634409 0.9999970280405451 0.9573710568518073
EDGE_SE2 37 38 0.9999997956057426 -0.0006393656810973733 -0.641002982722524 0.000639365681097349 0.9999997956057429 0.3458934996062719
EDGE_SE2 37 39 0.9999986146068786 -0.0016645673082776667 -1.3726829312182394 0.0016645673082776526 0.9999986146068787 0.6648162090399475
EDGE_SE2 37 40 0.9999969234773693 -0.002480531353571715 -2.1238988348032217 0.0024805313535716804 0.9999969234773697 0.972161860213825
EDGE_SE2 38 39 0.9999998468600093 -0.0005534256573687061 -0.6556650196622524 0.0005534256573687087 0.999999846860009 0.35454401666248364
EDGE_SE2 38 40 0.9999987077874409 -0.0016076142100504424 -1.437343919659944 0.0016076142100504495 0.9999987077874408 0.6262968276097287
EDGE_SE2 38 41 0.9999976744778213 -0.002156626752240539 -2.239823662800849 0.0021566267522406496 0.9999976744778205 0.9794042557989293
EDGE_SE2 39 40 0.9999996678919915 -0.0008149944216609736 -0.7491183632688333 0.0008149944216609598 0.9999996678919917 0.3006531696059686
EDGE_SE2 39 41 0.9999988885087462 -0.0014909665563450432 -1.5750039506965048 0.001490966556345036 0.9999988885087465 0.6299219357478437
EDGE_SE2 39 42 0.9999974151551716 -0.0022736936853461048 -2.4453842303600415 0.00227369368534616 0.9999974151551713 0.8876867832340171
EDGE_SE2 40 41 0.9999997481272791 -0.0007097502228010438 -0.8477259666913453 0.0007097502228010334 0.9999997481272792 0.3559132187072496
EDGE_SE2 40 42 0.9999991487681069 -0.0013047846801133092 -1.6721906882570259 0.0013047846801132884 0.9999991487681071 0.6064146685972915
EDGE_SE2 40 43 0.9999984114883833 -0.0017824199027476747 -2.5959926127581525 0.0017824199027477166 0.9999984114883832 0.640782369755043
EDGE_SE2 41 42 0.9999996874302086 -0.0007906576278607905 -0.8851295818410786 0.0007906576278608323 0.9999996874302082 0.25831059215523755
EDGE_SE2 41 43 0.9999992451911637 -0.0012286647642832107 -1.7902477564749466 0.0012286647642831966 0.9999992451911637 0.2872372719533008
EDGE_SE2 41 44 0.9999972433431054 -0.0023480430554707493 -2.4846243096014295 0.0023480430554706382 0.999997243343106 0.584205827960456
EDGE_SE2 42 43 0.999999953851577 -0.00030380395519927873 -0.8893410721873155 0.0003038039551993342 0.9999999538515764 0.05191030559411982
EDGE_SE2 42 44 0.9999988303475045 -0.001529478219294952 -1.5882177047012331 0.001529478219294938 0.9999988303475046 0.32282612941899635
EDGE_SE2 42 45 0.9999966681528153 -0.002581411100128048 -1.5544028110660983 0.002581411100128097 0.9999966681528146 0.6770177418828875
EDGE_SE2 43 44 0.9999993588477386 -0.0011323886753890002 -0.6985501553081455 0.0011323886753889863 0.9999993588477386 0.28568444477314586
EDGE_SE2 43 45 0.999997633235642 -0.002175666131400136 -0.664660002427369 0.0021756661314000668 0.9999976332356425 0.6337851575528279
EDGE_SE2 43 46 0.9999951030821637 -0.0031295066212509272 0.8872616187628223 0.0031295066212509823 0.9999951030821632 0.9297055805354915
EDGE_SE2 44 45 0.999999415055465 -0.0010816139460732921 0.024209136047482115 0.0010816139460732505 0.9999994150554654 0.34414111479558845
EDGE_SE2 44 46 0.9999980783048451 -0.0019604557165066585 1.6003775079556009 0.0019604557165066863 0.9999980783048451 0.6591470840087122
EDGE_SE2 44 47 0.9999987830698374 -0.0015600829606539498 4.432754922323947 0.0015600829606539357 0.9999987830698377 0.6815092395832327
EDGE_SE2 45 46 0.9999997220575533 -0.0007455768344210301 1.5974358033155878 0.0007455768344210231 0.9999997220575534 0.30441809129426267
EDGE_SE2 45 47 0.9999999254452663 -0.00038614694401419724 4.430310991911908 0.00038614694401419724 0.9999999254452663 0.3291455265823974
EDGE_SE2 45 48 0.9999998710471307 -0.0005078441902788761 8.227519867255292 0.000507844190278883 0.9999998710471307 0.36904822779497093
EDGE_SE2 46 47 0.9999999004025202 0.0004463126152889358 2.818771749613331 -0.0004463126152889982 0.9999999004025207 0.021990628031389667
EDGE_SE2 46 48 0.9999999767896909 0.00021545444454452306 6.6076763807867795 -0.00021545444454452306 0.9999999767896909 0.055534463920293035
EDGE_SE2 46 49 0.999999922803629 0.00039292840977843386 11.76114183311833 -0.000392928409778406 0.9999999228036289 -0.4546977560588377
EDGE_SE2 47 48 0.9999999844520476 -0.00017634030866715833 3.8395551677463247 0.00017634030866715833 0.9999999844520477 0.028832620943301572
EDGE_SE2 47 49 0.999999999986447 5.206335324366148e-06 8.975707041921567 -5.206335324338393e-06 0.9999999999864466 -0.4748494549238268
EDGE_SE2 47 50 0.9999989820430876 0.001426854158174188 17.135653479533474 -0.0014268541581742157 0.9999989820430879 -1.3822584147287276
EDGE_SE2 48 49 0.9999999430504994 0.0003374892546543838 5.174726638304292 -0.00033748925465432135 0.999999943050499 -0.5032278963721669
EDGE_SE2 48 50 0.9999987815577945 0.0015610518653801579 13.434187332139174 -0.0015610518653801858 0.9999987815577949 -1.4340969425724193
EDGE_SE2 48 51 0.9999977805187082 0.0021068833991502514 22.857741910750786 -0.0021068833991502514 0.9999977805187081 -3.7324952257275696
EDGE_SE2 49 50 0.9999990999657189 0.0013416660358573627 8.261318366328824 -0.001341666035857321 0.9999990999657185 -0.9196116634103402
EDGE_SE2 49 51 0.9999979348788679 0.0020322986984927243 17.902549558094687 -0.002032298698492711 0.9999979348788678 -3.2007369857467234
EDGE_SE2 49 52 0.99994292688447 0.010683771511971024 29.429357242270402 -0.010683771511971028 0.99994292688447 -4.7030339464917645
EDGE_SE2 50 51 0.9999997647217893 0.0006859711123209459 9.709656308170791 -0.0006859711123210222 0.9999997647217901 -2.2677179441317827
EDGE_SE2 50 52 0.9999984055722118 0.0017857359920655394 20.847959593821244 -0.0017857359920655323 0.9999984055722118 -4.072978573917571
EDGE_SE2 50 53 0.9999905132619444 -0.004355845051540614 27.053406438157214 0.004355845051540648 0.9999905132619439 -5.980531967987181
EDGE_SE2 51 52 0.9999993496664072 0.0011404677827480507 11.238896562592629 -0.001140467782748063 0.9999993496664074 -1.809887244084351
EDGE_SE2 51 53 0.9999953831283798 0.0030387039877417614 22.72793933951761 -0.003038703987741796 0.9999953831283801 -3.5158720697833403
EDGE_SE2 51 54 0.999990327837314 0.00439820779654303 33.595970586968065 -0.004398207796543084 0.9999903278373141 -4.823045937662236
EDGE_SE2 52 53 0.9999985205984889 0.0017201165175003983 11.53582461267408 -0.0017201165175004332 0.9999985205984893 -1.6913247745004654
EDGE_SE2 52 54 0.9999956168057401 0.002960805516712285 22.437353149046427 -0.002960805516712382 0.999995616805741 -2.9977815240221752
EDGE_SE2 52 55 0.9999926781981723 0.003826689175651449 29.300043241723483 -0.0038266891756514832 0.9999926781981726 -3.6794808356338
EDGE_SE2 53 54 0.9999990233822945 0.0013975816461398814 11.151856523951084 -0.001397581646139944 0.9999990233822954 -1.3069317821067967
EDGE_SE2 53 55 0.9999992018015131 0.0012634857883115852 21.69473629761123 -0.0012634857883115991 0.9999992018015132 -2.044001090752363
EDGE_SE2 53 56 0.9999992690398687 0.0012090987254552432 31.8437220174811 -0.0012090987254552432 0.999999269039869 -2.5280197753518063
EDGE_SE2 54 55 0.9999999953671478 -9.62585308705855e-05 10.706054440953444 9.625853087057162e-05 0.9999999953671479 -0.7140234830088
EDGE_SE2 54 56 0.9999999869720679 -0.00016141828965417226 20.907413281386656 0.0001614182896541445 0.9999999869720684 -1.1785359908452517
EDGE_SE2 54 57 0.9999979959987438 0.0020019986254625746 31.114305219870598 -0.002001998625462519 0.9999979959987434 -1.9583363750342764
EDGE_SE2 55 56 0.999999967083074 -0.00025658108096991716 10.25989815155373 0.0002565810809699033 0.9999999670830741 -0.463967352039203
EDGE_SE2 55 57 0.9999983474042513 0.0018180178122328523 20.565798683229286 -0.0018180178122326857 0.9999983474042503 -1.2319156609049589
EDGE_SE2 55 58 0.9999971763104109 0.0023764198294682175 30.825549985495698 -0.0023764198294683077 0.9999971763104115 -2.7762937672882537
EDGE_SE2 56 57 0.9999983127459605 0.001836982643455256 10.335148402849688 -0.0018369826434552693 0.9999983127459606 -0.7768317553434645
EDGE_SE2 56 58 0.9999954586006836 0.0030137647566442637 20.809090500488114 -0.003013764756644319 0.9999954586006838 -2.2882509787961793
EDGE_SE2 56 59 0.999996514418952 0.00264029353425853 30.807999679700067 -0.002640293534258655 0.9999965144189523 -4.008235854548538
EDGE_SE2 57 58 0.9999996893866018 0.0007881793582246592 10.523313386680101 -0.0007881793582247565 0.9999996893866022 -1.4922909009232306
EDGE_SE2 57 59 0.9999998310874046 0.0005812272895303614 20.67912938655918 -0.0005812272895303198 0.9999998310874044 -3.1936729031836006
EDGE_SE2 57 60 0.9999998551834829 0.0005381756340536169 30.686100422722234 -0.0005381756340535473 0.9999998551834827 -3.918249887080296
EDGE_SE2 58 59 0.9999999951209215 -9.878338784068142e-05 10.38017835813399 9.878338784059817e-05 0.999999995120922 -1.7009701137554314
EDGE_SE2 58 60 0.9999999887822916 -0.00014978456352664183 20.496073086118585 0.00014978456352672512 0.9999999887822913 -2.382252895013666
EDGE_SE2 58 61 0.9999999722035646 0.00023578140368332745 30.355217540495875 -0.00023578140368343847 0.9999999722035652 -3.060320133638798
EDGE_SE2 59 60 0.9999999840528326 0.00017858984768317316 10.25173456252265 -0.0001785898476830899 0.9999999840528315 -0.7269128240073963
EDGE_SE2 59 61 0.9999998283507731 0.0005859167384618945 20.19043821480757 -0.0005859167384618946 0.9999998283507731 -1.4059569127202778
EDGE_SE2 59 62 0.9999623922835109 -0.008672601607238819 25.926350911457256 0.00867260160723879 0.999962392283511 -2.6017157471201093
EDGE_SE2 60 61 0.9999999279978209 0.00037947905456259257 10.09190868178995 -0.0003794790545625995 0.999999927997821 -0.6821829325540802
EDGE_SE2 60 62 0.9999813117215899 -0.006113608391771228 17.018880122772085 0.0061136083917712695 0.9999813117215895 -1.9706980595880612
EDGE_SE2 60 63 0.9999903432043441 -0.004394712511432059 25.66266374736299 0.004394712511432058 0.9999903432043441 -2.6519200585074154
EDGE_SE2 61 62 0.9999998969081385 0.00045407456736931717 10.05242799924108 -0.0004540745673693171 0.9999998969081385 -1.0217477047192443
EDGE_SE2 61 63 0.9999995645913952 0.0009331757714065034 19.60420054767453 -0.0009331757714066282 0.9999995645913957 -1.8349700910727316
EDGE_SE2 61 64 0.9999999651203789 0.00026411974696230445 28.812163735659702 -0.0002641197469621379 0.9999999651203783 -2.3606785511826325
EDGE_SE2 62 63 0.9999999351625963 0.00036010387812601674 9.62162630422614 -0.0003601038781260028 0.9999999351625961 -0.8259780985275422
EDGE_SE2 62 64 0.9999999946726328 -0.00010322177612936976 18.977234636819016 0.0001032217761292865 0.999999994672633 -1.3420541886221284
EDGE_SE2 62 65 0.9999997494010765 -0.0007079532358143376 27.969230912693934 0.0007079532358143237 0.9999997494010766 -2.470072031004792
EDGE_SE2 63 64 0.9999999028135071 -0.0004408775073654061 9.462130313749975 0.000440877507365309 0.9999999028135075 -0.5075615926832944
EDGE_SE2 63 65 0.9999993705612082 -0.0011219969637293178 18.5491084328671 0.001121996963729387 0.9999993705612081 -1.6215422669214279
EDGE_SE2 63 66 0.9999985292508969 -0.0017150790193830305 27.39347626284186 0.001715079019383072 0.9999985292508968 -2.5039682609616256
EDGE_SE2 64 65 0.999999842390766 -0.0005614431788563831 9.091921694226759 0.0005614431788563413 0.9999998423907663 -1.0897444175220057
EDGE_SE2 64 66 0.9999992028030458 -0.0012626928654239492 18.132808117404668 0.0012626928654240466 0.9999992028030453 -1.9858296908347155
EDGE_SE2 64 67 0.9999995556285947 -0.0009427314633354813 26.026033247341132 0.0009427314633357448 0.9999995556285938 -2.5803443354329736
EDGE_SE2 65 66 0.9999998746085997 -0.0005007821719357337 9.102726334256191 0.0005007821719359004 0.999999874608599 -0.8866126791553552
EDGE_SE2 65 67 0.999999997607428 -6.917473826821568e-05 17.145496508238104 6.917473826810466e-05 0.9999999976074285 -1.4900801231623173
EDGE_SE2 65 68 0.9999996367077342 0.0008523992025229893 25.703481287771904 -0.0008523992025231419 0.9999996367077347 -1.9206556839198552
EDGE_SE2 66 67 0.9999999223480458 0.00039408616113081863 8.09930540906804 -0.00039408616113072154 0.9999999223480454 -0.5971208176124038
EDGE_SE2 66 68 0.9999990030871106 0.0014120286062220544 16.740521680135025 -0.0014120286062220266 0.9999990030871106 -1.0345413300552708
EDGE_SE2 67 68 0.9999993920629628 0.0011026666338262172 8.727057223637381 -0.0011026666338263004 0.9999993920629634 -0.4398459274592034
