0 -1 -0.00017429 -164.4718 0.00017429 -1 6.1879
1 -1 -0.00010025 -163.4657 0.00010025 -1 6.2195
2 -1 -7.4626e-06 -161.0393 7.4626e-06 -1 6.2484
3 -1 0.0012741 -154.8706 -0.0012741 -1 5.9277
4 -1 0.0029196 -147.3916 -0.0029196 -1 5.6508
5 -0.99999 0.003308 -142.8414 -0.003308 -0.99999 5.2146
6 -1 0.0029381 -141.1846 -0.0029381 -1 4.695
7 -1 0.001698 -139.9259 -0.001698 -1 4.3832
8 -1 0.00052394 -138.5168 -0.00052394 -1 4.2217
9 -1 0.00063914 -135.5126 -0.00063914 -1 4.4533
10 -1 0.00036393 -128.4957 -0.00036393 -1 4.2751
11 -1 0.00087491 -120.5397 -0.00087491 -1 4.0083
12 -1 -0.0018376 -112.9087 0.0018376 -1 3.7762
13 -1 0.002477 -103.7254 -0.002477 -1 3.4325
14 -1 0.0020309 -96.4502 -0.0020309 -1 3.2169
15 -1 0.00012836 -88.8162 -0.00012836 -1 3.0125
16 -1 0.0027731 -76.3618 -0.0027731 -1 2.3493
17 -0.99997 -0.0082737 -64.5676 0.0082737 -0.99997 2.4848
18 -0.99998 -0.0059512 -47.0156 0.0059512 -0.99998 2.2613
19 -0.99992 -0.012976 -28.7421 0.012976 -0.99992 2.0968
20 -0.99998 -0.007002 -8.9584 0.007002 -0.99998 1.609
21 -0.99997 -0.0074921 7.835 0.0074921 -0.99997 1.1537
22 -0.99996 -0.0086464 21.6516 0.0086464 -0.99996 0.93433
23 -0.99997 -0.0080251 35.3231 0.0080251 -0.99997 0.65161
24 -0.99997 -0.0081608 52.1679 0.0081608 -0.99997 0.072663
25 -0.99995 -0.010399 69.8995 0.010399 -0.99995 -0.44941
26 -0.99995 -0.010259 85.0751 0.010259 -0.99995 -0.88121
27 -0.99991 -0.013478 96.7299 0.013478 -0.99991 -1.4317
28 -0.99995 -0.010303 106.1975 0.010303 -0.99995 -1.9899
29 -0.99995 -0.010112 112.7292 0.010112 -0.99995 -2.3966
30 -0.99994 -0.011011 117.3439 0.011011 -0.99994 -2.8812
31 -0.99992 -0.012574 120.1073 0.012574 -0.99992 -3.0335
32 -0.9999 -0.013921 121.5673 0.013921 -0.9999 -3.3167
33 -0.9999 -0.014159 122.8919 0.014159 -0.9999 -3.56
34 -0.9999 -0.014184 124.1755 0.014184 -0.9999 -4.0561
35 -0.99989 -0.014804 125.1447 0.014804 -0.99989 -4.5366
36 -0.9999 -0.014453 125.9458 0.014453 -0.9999 -5.018
37 -0.99991 -0.013743 126.7585 0.013743 -0.99991 -5.325
38 -0.99992 -0.012793 127.4464 0.012793 -0.99992 -5.6598
39 -0.99993 -0.012095 128.12 0.012095 -0.99993 -6.0115
40 -0.99994 -0.011225 128.8705 0.011225 -0.99994 -6.3123
41 -0.99994 -0.010611 129.6801 0.010611 -0.99994 -6.6644
42 -0.99995 -0.0098204 130.561 0.0098204 -0.99995 -6.9298
43 -0.99996 -0.0094291 131.4567 0.0094291 -0.99996 -6.982
44 -0.99997 -0.0083478 132.1386 0.0083478 -0.99997 -7.2765
45 -0.99997 -0.0071686 132.1393 0.0071686 -0.99997 -7.6133
46 -0.99998 -0.0063676 130.5332 0.0063676 -0.99998 -7.9171
47 -0.99997 -0.0070984 127.6312 0.0070984 -0.99997 -7.9452
48 -0.99998 -0.0060148 124.0957 0.0060148 -0.99998 -7.8534
49 -0.99997 -0.0070837 118.6355 0.0070837 -0.99997 -7.4535
50 -0.99994 -0.010515 109.9242 0.010515 -0.99994 -6.5893
51 -0.99992 -0.012687 100.3635 0.012687 -0.99992 -4.3688
52 -0.99992 -0.012725 89.6963 0.012725 -0.99992 -2.4052
53 -0.99993 -0.011488 80.3759 0.011488 -0.99993 -0.57567
54 -0.99989 -0.014811 68.4824 0.014811 -0.99989 0.85464
55 -0.99989 -0.014531 58.7263 0.014531 -0.99989 1.7105
56 -0.9999 -0.014148 48.2014 0.014148 -0.9999 2.3208
57 -0.99987 -0.016365 37.8783 0.016365 -0.99987 3.2516
58 -0.99986 -0.016859 27.7094 0.016859 -0.99986 4.9267
59 -0.99985 -0.017474 17.0985 0.017474 -0.99985 6.775
60 -0.99986 -0.016497 7.3229 0.016497 -0.99986 7.6792
61 -0.99988 -0.015678 -1.9123 0.015678 -0.99988 8.5484
62 -0.9999 -0.014342 -11.0839 0.014342 -0.9999 9.753
63 -0.99989 -0.014755 -20.3799 0.014755 -0.99989 10.7198
64 -0.99989 -0.014696 -30.0954 0.014696 -0.99989 11.3717
65 -0.9999 -0.013806 -39.014 0.013806 -0.9999 12.6089
66 -0.99991 -0.013283 -48.0274 0.013283 -0.99991 13.6248
67 -0.99991 -0.013684 -56.095 0.013684 -0.99991 14.3309
68 -0.99989 -0.014701 -64.7513 0.014701 -0.99989 14.8849
